0.00000
0.00002
0.00004
0.00006
0.00008
0.00010
0.00012
0.00014
0.00016
0.00018
0.00020
0.00022
0.00024
0.00025
0.00027
0.00029
0.00031
0.00033
0.00035
0.00037
0.00039
0.00041
0.00043
0.00045
0.00047
0.00049
0.00051
0.00053
0.00055
0.00057
0.00059
0.00061
0.00063
0.00065
0.00067
0.00069
0.00071
0.00073
0.00075
0.00077
0.00079
0.00081
0.00083
0.00085
0.00087
0.00090
0.00092
0.00094
0.00096
0.00098
0.00100
0.00102
0.00104
0.00106
0.00108
0.00110
0.00112
0.00115
0.00117
0.00119
0.00121
0.00123
0.00125
0.00127
0.00129
0.00132
0.00134
0.00136
0.00138
0.00140
0.00142
0.00145
0.00147
0.00149
0.00151
0.00154
0.00156
0.00158
0.00160
0.00163
0.00165
0.00167
0.00169
0.00172
0.00174
0.00176
0.00179
0.00181
0.00183
0.00186
0.00188
0.00190
0.00193
0.00195
0.00198
0.00200
0.00202
0.00205
0.00207
0.00210
0.00212
0.00215
0.00217
0.00220
0.00222
0.00225
0.00227
0.00230
0.00232
0.00235
0.00237
0.00240
0.00243
0.00245
0.00248
0.00251
0.00253
0.00256
0.00259
0.00261
0.00264
0.00267
0.00270
0.00272
0.00275
0.00278
0.00281
0.00284
0.00287
0.00289
0.00292
0.00295
0.00298
0.00301
0.00304
0.00307
0.00310
0.00313
0.00316
0.00319
0.00322
0.00325
0.00329
0.00332
0.00335
0.00338
0.00341
0.00345
0.00348
0.00351
0.00355
0.00358
0.00361
0.00365
0.00368
0.00371
0.00375
0.00378
0.00382
0.00385
0.00389
0.00393
0.00396
0.00400
0.00404
0.00407
0.00411
0.00415
0.00419
0.00423
0.00426
0.00430
0.00434
0.00438
0.00442
0.00446
0.00450
0.00455
0.00459
0.00463
0.00467
0.00471
0.00476
0.00480
0.00484
0.00489
0.00493
0.00498
0.00502
0.00507
0.00512
0.00516
0.00521
0.00526
0.00531
0.00536
0.00540
0.00545
0.00551
0.00556
0.00561
0.00566
0.00571
0.00576
0.00582
0.00587
0.00593
0.00598
0.00604
0.00610
0.00615
0.00621
0.00627
0.00633
0.00639
0.00645
0.00651
0.00657
0.00664
0.00670
0.00676
0.00683
0.00690
0.00696
0.00703
0.00710
0.00717
0.00724
0.00731
0.00738
0.00746
0.00753
0.00760
0.00768
0.00776
0.00784
0.00792
0.00800
0.00808
0.00816
0.00824
0.00833
0.00842
0.00850
0.00859
0.00868
0.00877
0.00887
0.00896
0.00906
0.00915
0.00925
0.00935
0.00946
0.00956
0.00967
0.00977
0.00988
0.00999
0.01011
0.01022
0.01034
0.01046
0.01058
0.01070
0.01082
0.01095
0.01108
0.01121
0.01135
0.01149
0.01163
0.01177
0.01192
0.01206
0.01222
0.01237
0.01253
0.01269
0.01285
0.01302
0.01319
0.01337
0.01355
0.01373
0.01392
0.01411
0.01430
0.01450
0.01471
0.01492
0.01514
0.01536
0.01558
0.01581
0.01605
0.01630
0.01655
0.01681
0.01707
0.01734
0.01762
0.01791
0.01821
0.01851
0.01883
0.01915
0.01949
0.01983
0.02019
0.02055
0.02094
0.02133
0.02174
0.02216
0.02260
0.02305
0.02352
0.02401
0.02452
0.02505
0.02560
0.02618
0.02678
0.02741
0.02807
0.02876
0.02949
0.03025
0.03105
0.03189
0.03279
0.03373
0.03474
0.03580
0.03694
0.03816
0.03946
0.04086
0.04237
0.04402
0.04580
0.04776
0.04991
0.05230
0.05496
0.05794
0.06131
0.06513
0.06950
0.07451
0.08028
0.08695
0.09467
0.10354
0.11355
0.12454
0.13615
0.14805
0.15998
0.17190
0.18405
0.19689
0.21072
0.22545
0.24068
0.25629
0.27264
0.29029
0.30960
0.33059
0.35301
0.37657
0.40102
0.42607
0.45125
0.47596
0.49971
0.52231
0.54366
0.56349
0.58166
0.59857
0.61479
0.63025
0.64386
0.65428
0.66084
0.66383
0.66423
0.66326
0.66218
0.66200
0.66314
0.66532
0.66795
0.67073
0.67379
0.67759
0.68258
0.68915
0.69751
0.70779
0.72012
0.73433
0.74977
0.76548
0.78074
0.79546
0.80998
0.82479
0.84027
0.85678
0.87442
0.89277
0.91061
0.92620
0.93792
0.94492
0.94729
0.94575
0.94121
0.93473
0.92737
0.91987
0.91235
0.90449
0.89607
0.88737
0.87896
0.87132
0.86461
0.85887
0.85415
0.85050
0.84783
0.84595
0.84473
0.84415
0.84423
0.84486
0.84599
0.84770
0.85024
0.85403
0.85943
0.86656
0.87540
0.88592
0.89819
0.91231
0.92843
0.94648
0.96593
0.98577
1.00489
1.02252
1.03831
1.05197
1.06324
1.07209
1.07891
1.08427
1.08867
1.09252
1.09613
1.09978
1.10345
1.10677
1.10929
1.11087
1.11176
1.11240
1.11312
1.11395
1.11474
1.11543
1.11620
1.11738
1.11937
1.12247
1.12690
1.13279
1.14004
1.14825
1.15682
1.16512
1.17276
1.17961
1.18587
1.19181
1.19764
1.20333
1.20882
1.21412
1.21937
1.22466
1.22982
1.23451
1.23850
1.24181
1.24465
1.24710
1.24903
1.25029
1.25069
1.24982
1.24711
1.24224
1.23532
1.22682
1.21719
1.20657
1.19488
1.18220
1.16881
1.15500
1.14090
1.12658
1.11213
1.09771
1.08351
1.06976
1.05675
1.04473
1.03371
1.02353
1.01409
1.00535
0.99724
0.98962
0.98226
0.97494
0.96754
0.96004
0.95257
0.94530
0.93823
0.93120
0.92404
0.91656
0.90848
0.89930
0.88851
0.87570
0.86081
0.84417
0.82641
0.80820
0.79010
0.77268
0.75656
0.74220
0.72981
0.71931
0.71049
0.70316
0.69725
0.69288
0.69028
0.68951
0.69018
0.69165
0.69339
0.69523
0.69744
0.70037
0.70421
0.70892
0.71433
0.72016
0.72597
0.73126
0.73563
0.73912
0.74227
0.74590
0.75072
0.75711
0.76510
0.77454
0.78530
0.79734
0.81056
0.82490
0.84021
0.85619
0.87241
0.88839
0.90355
0.91730
0.92925
0.93951
0.94864
0.95714
0.96509
0.97220
0.97831
0.98343
0.98755
0.99044
0.99176
0.99150
0.99019
0.98870
0.98792
0.98845
0.99027
0.99282
0.99536
0.99743
0.99901
1.00045
1.00211
1.00424
1.00696
1.01030
1.01421
1.01860
1.02327
1.02796
1.03223
1.03540
1.03663
1.03540
1.03182
1.02650
1.02001
1.01260
1.00436
0.99543
0.98612
0.97682
0.96798
0.96009
0.95347
0.94823
0.94412
0.94058
0.93709
0.93352
0.92995
0.92643
0.92274
0.91856
0.91377
0.90862
0.90373
0.89989
0.89761
0.89682
0.89690
0.89707
0.89669
0.89542
0.89315
0.88997
0.88616
0.88216
0.87845
0.87538
0.87316
0.87208
0.87242
0.87420
0.87702
0.88036
0.88385
0.88742
0.89120
0.89531
0.89964
0.90370
0.90685
0.90877
0.90956
0.90950
0.90883
0.90777
0.90649
0.90511
0.90380
0.90285
0.90252
0.90296
0.90418
0.90629
0.90944
0.91362
0.91837
0.92295
0.92661
0.92879
0.92925
0.92804
0.92555
0.92227
0.91869
0.91527
0.91235
0.91000
0.90792
0.90571
0.90328
0.90096
0.89924
0.89850
0.89892
0.90055
0.90331
0.90693
0.91103
0.91539
0.91998
0.92493
0.93034
0.93618
0.94209
0.94748
0.95191
0.95531
0.95786
0.95975
0.96112
0.96218
0.96320
0.96446
0.96611
0.96814
0.97034
0.97239
0.97389
0.97448
0.97392
0.97213
0.96918
0.96528
0.96069
0.95580
0.95110
0.94710
0.94419
0.94267
0.94274
0.94448
0.94775
0.95214
0.95696
0.96154
0.96532
0.96799
0.96941
0.96951
0.96828
0.96575
0.96207
0.95750
0.95221
0.94626
0.93969
0.93266
0.92545
0.91835
0.91141
0.90447
0.89733
0.88997
0.88252
0.87531
0.86881
0.86356
0.85985
0.85755
0.85615
0.85508
0.85408
0.85326
0.85294
0.85324
0.85403
0.85489
0.85528
0.85474
0.85304
0.85036
0.84723
0.84423
0.84170
0.83955
0.83752
0.83535
0.83289
0.83013
0.82713
0.82398
0.82072
0.81732
0.81369
0.80973
0.80535
0.80041
0.79476
0.78835
0.78139
0.77429
0.76734
0.76062
0.75421
0.74839
0.74354
0.74002
0.73803
0.73755
0.73843
0.74045
0.74331
0.74672
0.75034
0.75386
0.75697
0.75954
0.76153
0.76297
0.76395
0.76459
0.76501
0.76531
0.76568
0.76622
0.76680
0.76708
0.76675
0.76566
0.76384
0.76148
0.75890
0.75649
0.75454
0.75330
0.75295
0.75349
0.75467
0.75618
0.75786
0.75971
0.76177
0.76395
0.76600
0.76761
0.76863
0.76916
0.76937
0.76934
0.76912
0.76872
0.76818
0.76748
0.76659
0.76548
0.76421
0.76294
0.76194
0.76153
0.76198
0.76343
0.76591
0.76940
0.77392
0.77947
0.78600
0.79332
0.80108
0.80882
0.81611
0.82260
0.82814
0.83291
0.83717
0.84107
0.84446
0.84709
0.84877
0.84951
0.84950
0.84894
0.84799
0.84680
0.84552
0.84435
0.84357
0.84346
0.84415
0.84565
0.84789
0.85070
0.85373
0.85637
0.85794
0.85790
0.85599
0.85229
0.84706
0.84071
0.83370
0.82649
0.81958
0.81343
0.80839
0.80469
0.80238
0.80131
0.80118
0.80170
0.80276
0.80435
0.80650
0.80909
0.81192
0.81463
0.81681
0.81811
0.81846
0.81804
0.81726
0.81664
0.81664
0.81760
0.81961
0.82245
0.82563
0.82848
0.83035
0.83074
0.82957
0.82728
0.82450
0.82173
0.81928
0.81730
0.81582
0.81484
0.81440
0.81454
0.81515
0.81600
0.81680
0.81742
0.81794
0.81859
0.81951
0.82059
0.82152
0.82205
0.82211
0.82174
0.82108
0.82037
0.81981
0.81949
0.81938
0.81950
0.81986
0.82034
0.82070
0.82071
0.82033
0.81972
0.81911
0.81866
0.81846
0.81863
0.81929
0.82059
0.82260
0.82524
0.82832
0.83152
0.83456
0.83721
0.83934
0.84093
0.84217
0.84340
0.84491
0.84682
0.84907
0.85161
0.85449
0.85772
0.86117
0.86457
0.86759
0.86997
0.87156
0.87233
0.87235
0.87181
0.87100
0.87025
0.86987
